1	322	322	1105	938	1071	1013	852	902	767	667	1108	755	712	663	662	921	664	322	457	413	327	323	342	1151	322	460	479	327	326	413	327	323	342	1151	322	241	51	76	98	90	48	75	111	3	1	89	75	26	1151	457	327	326
2	322	1105	943	1062	1004	854	908	770	687	1136	755	715	663	662	921	664	322	1105
3	322	457	404	327	323	346	460	479	322	243	244	53	76	98	90	48	66	111	3	1	89	66	26	1151	460	479	327	326	402	327	323	346	
4	322	1105	929	1066	1008	846	874	760	694	1143	755	728	663	662	921	664	322	1105	926	1055	997	846	874	760	694	1143	756	728	663	662	921	664	930	1055	997	846	874	760	694	1143	756	728	663	662	921	664	322	407	327	323	335	460	479	322	74	111	3	1	89	74	26	1151	460	479	327	326			
5	322	1105	935	1058	1000	850	920	811	679	1112	756	728	663	662	921	664	322	399	327	323	339	1151	322	242	244	52	76	98	90	48	70	111	3	1	89	70	26	1151	457	327	326
6	322	1105	950	1066	1008	825	879	778	703	1118	756	746	663	662	921	664	322	407	327	323	352	1151	322	243	53	76	98	90	48	64	111	3	1	89	64	26	1151	1151	457	327	326
7	322	1105	987	1048	990	849	887	788	665	1106	754	710	663	662	921	664	322	457	391	327	323	388	1151	322	322	1151	460	481	391	327	325	388	1151	322	243	244	242	244	52	76	98	90	48	54	111	3	1	89	54	26	1151	322	241	51	76	98	90	48	65	111	3	1	89	65	26	1151	457	327	326
8	322	1105	925	1061	1003	824	897	763	675	1146	755	738	663	662	921	664	322	403	327	323	331	1151	322	243	53	76	98	90	48	74	111	3	1	89	74	26	1151	457	327	326
9	322	1105	936	1059	1001	821	878	768	681	1120	755	715	663	662	921	664	400	327	323	340	1151	322	243	53	76	98	90	48	64	111	3	1	89	64	26	1151	457	327	326
10	322	1105	970	1073	1015	842	895	797	689	1126	756	724	663	662	921	664	971	1074	1016	842	895	797	689	1126	756	724	663	662	921	664	322	457	415	327	323	373	1151	457	327	326	415	327	323	373	1151	322	242	52	76	98	90	48	55	111	3	1	89	55	26	1151	1151	457	327	326	
11	322	1105	949	1100	1043	870	918	809	685	1144	755	745	663	662	921	664	322	457	446	327	323	351	1151	457	327	326	446	327	323	351	1151	322	243	244	53	76	98	90	48	74	111	3	1	89	74	26	1151	457	327	326
12	322	1105	958	1086	1029	836	893	787	682	1123	755	727	663	662	921	664	322	457	428	327	323	361	1151	322	457	327	326	429	323	361	1151	322	242	52	76	98	90	48	56	111	3	1	89	56	26	1151	457	327	326
13	322	1105	981	1065	1007	823	877	761	674	1115	756	713	663	662	921	664	322	457	406	327	323	382	1151	322	1151	1151	460	479	327	326	406	327	323	382	460	479	322	68	111	3	1	89	68	26	1151	460	479	327	326
14	322	322	322	1105	956	1084	1027	834	885	785	665	1106	754	710	663	662	921	664	322	457	426	327	323	360	1151	457	327	326	426	327	323	360	460	479	1151	322	241	51	76	98	90	48	63	111	3	1	89	63	26	1151	460	479	327	326
15	322	457	1105	952	1080	1023	830	889	783	665	1106	754	710	663	662	921	664	322	457	423	327	323	356	1151	457	327	326	423	327	323	356	1151	322	0	244	238	240	307	295	241	51	76	98	90	48	65	111	3	1	89	65	26	1151	457	327	326
16	322	457	416	327	323	366	416	327	323	377	1105	976	1075	1017	863	916	796	673	1140	756	719	663	662	921	664	322	457	416	327	323	378	1151	322	1105	457	327	326	416	327	323	378	1151	322	242	244	52	76	98	90	48	73	111	3	1	89	73	26	1151	457	327	326
17	322	1105	966	1070	1012	867	905	793	690	1121	756	742	663	662	921	664	322	457	411	327	323	371	1151	642	598	631	573	550	515	647	632	538	534	484	482	580	489	1151	457	322	457	327	326	411	327	323	371	1151	322	241	322	242	52	76	98	90	48	56	111	3	1	89	56	26	1151	457	327	326								
18	322	1105	953	1081	1024	833	891	781	708	1125	756	748	663	662	921	664	322	424	327	323	357	1151	1151	322	73	111	3	1	89	73	26	1151	457	327	326
19	322	457	430	327	323	387	1151	1151	322	241	51	76	98	90	48	57	111	3	1	89	57	26	1151	1151	322	322	457	327	326
20	322	1105	965	1088	1031	866	903	792	665	1106	754	710	663	662	921	664	322	457	431	327	323	370	1151	322	321	67	1151	322	1105	457	327	326	431	327	323	370	1151	322	242	244	52	76	98	90	48	56	111	3	1	89	56	26	1151	457	327	326
21	322	1105	977	1093	1036	840	892	808	695	1141	756	729	663	662	921	664	322	457	437	327	323	379	1151	642	606	623	568	553	516	656	632	538	525	484	482	582	491	1151	322	460	479	327	326	437	327	323	379	460	479	322	242	52	76	98	90	48	56	111	3	1	89	56	26	1151	460	479	327	326
22	322	1105	968	1077	1020	863	894	796	672	1110	756	714	663	662	921	664	968	1077	1020	863	894	796	672	1110	756	714	663	662	921	664	968	1077	1020	863	894	796	672	1110	756	718	663	662	921	664	969	1077	1020	863	894	796	672	1110	756	718	663	662	921	664	322	457	420	327	323	372	1151	322	457	327	326	420	327	323	372	1151	322	243	244	53	76	98	90	48	67	111	3	1	89	67	26	1151	457	327	326
23	322	321	457	460	479	1151	460	481	1105	322	1105	1105	931	1072	1014	847	890	814	698	1106	754	710	663	662	921	664	322	457	1105	322	414	327	323	336	460	479	322	68	111	3	1	89	68	26	1151	460	479	327	326
24	322	1105	946	1076	1019	861	907	775	684	1147	755	734	663	662	921	664	946	1076	1018	861	907	775	684	1147	755	734	663	662	921	664	322	457	418	327	323	347	417	327	323	347	1151	460	479	327	326	418	327	323	347	417	327	323	347	460	479	417	327	323	347	460	479	322	243	53	76	98	90	48	66	111	3	1	89	66	26	1151	460	479	327	326													
25	322	1105	978	1097	1040	820	874	810	671	1142	755	725	663	662	921	664	322	457	443	327	323	380	1151	322	243	53	76	98	90	48	74	111	3	1	89	74	26	1151	457	327	326
26	322	457	457	1105	986	1087	1030	835	900	815	697	1122	755	728	663	662	921	664	322
27	322	460	479	327	326	412	327	323	350	460	479	322	241	51	76	98	90	48	71	111	3	1	89	71	26	1151	457	327	326
28	412	327	323	350	460	479	322	57	111	3	1	89	57	26	1151	460	479	1151	460	479	327	326
29	412	327	323	350	1151	1383	1397	1155	1154	1383	1269	1247	1151	1151	322	241	244	51	76	98	90	48	63	111	3	1	89	63	26	1151	457	327	326
30	460	479	322	241	51	76	98	90	48	60	111	3	1	89	60	26	1151	460	479	327	326
31	412	327	323	350	1151	322	241	244	51	76	98	90	48	63	111	3	1	89	63	26	1151	457	327	326
32	457	390	327	323	328	412	327	323	350	1151	1392	1151	322	1322	642	1151	460	479	322	72	111	3	1	89	72	26	1151	460	479	327	326	414	327	323	336
33	327	326	457	412	327	323	350	1151	322	241	51	76	98	90	48	69	111	3	1	89	69	26	1151	460	479	327	326
34	412	327	323	350	1151	322	241	244	51	76	98	90	48	63	111	3	1	89	63	26	1151	1151	322	457	327	326
35	457	412	327	323	350	1151	1307	1151	1307	1151	642	322
36	412	327	323	350	1151	322	241	244	51	76	98	90	48	72	111	3	1	89	72	26	1151	460	479	327	326
37	412	327	324	350	51	76	98	90	48	57	1151	1389	1397	1155	1154	1389	1269	1253	1151	457	460	479	327	326
38	1151	322	241	244	51	76	98	90	48	63	111	3	1	89	63	26	1151	457	327	326
39	457	322	457	412	327	323	350	1151	322	241	51	76	98	90	48	69	111	3	1	89	69	26	1151	457	327	326
40	322	457	412	327	323	350	1151	322	321	241	244	51	76	98	90	48	71	111	3	1	89	71	26	1151	457	327	326
41	457	412	327	323	350	1151	322	241	244	51	76	98	90	48	60	111	3	1	89	60	26	1151	457	327	326
42	322	457	412	327	323	350	1151	1151	322	241	51	76	98	90	48	65	111	3	1	89	65	26	1151	457	327	326
43	457	412	327	323	350	1151	322	241	51	76	98	90	48	63	111	3	1	89	63	26	1151	457	327	326
44	412	327	323	350	1151	1393	1151	322	241	282	51	84	98	90	48	69	111	3	1	89	69	26	1151	457	327	326
45	412	327	323	350	1151	322	321	64	111	3	1	89	64	26	1151	457	327	326
46	412	327	323	350	1151	1290	1397	1155	1154	1290	1269	1156	1151	1151	1151	1151	460	479	327	326	426	327	323	360	460	479	1151	322	241	51	76	98	90	48	63	111	3	1	89	63	26	1151	460	479	327	326
47	412	327	323	350	1151	322	241	51	76	98	90	48	65	111	3	1	89	65	26	1151	1151	457	327	326
48	412	327	323	350	1151	322	241	244	51	76	98	90	48	63	111	3	1	89	63	26	1151	457	327	326
49	322	457	412	327	323	350	1151	1151	322	72	111	3	1	89	72	26	1151	457	327	326
50	457	412	327	323	350	1151	1383	1151	457	327	326
51	413	327	323	342	1151	1151	322	73	140	4	2	73	142	46	24	73	322	241	51	76	98	90	48	68	137	4	2	68	154	41	19	68	1151	322	243	244	53	76	98	90	48	64	111	3	1	89	64	26	1151	322	243	244	53	76	98	90	48	64	111	3	1	89	64	26	1151	1105	457	322	457	327	326
52	460	479	322	54	140	4	2	54	187	27	5	54	72	141	4	2	72	142	45	23	72	322	1151	1318	1397	1155	1153	1318	1268	1183	1151	322	68	111	3	1	89	68	26	1151	1319	1397	1155	1154	1319	1268	1184	1151	1319	1408	1155	1154	1319	1268	1184	1151	1319	1408	1155	1153	1319	1268	1184	1151	322	240	255	240	248	50	78	98	90	48	64	50	78	98	90	48	75	50	78	98	90	48	69	50	78	98	90	48	72	50	78	98	90	48	60	0	248	226	240	317	298	50	78	104	92	49	68	0	244	224	240	315	305	50	76	102	96	48	59	50	76	102	96	48	56	460	479	1105	460	479	457	1151	1105	322	241	457	460	479	460	479	1151	1105	322	1105	322	1105	981	1065	1007	831	875	764	678	1116	756	733	663	662	921	664	1105	1151	642	597	614	559	540	510	646	634	538	521	484	483	581	490	1151	460	479	327	326
53	1151	1320	1397	1155	1153	1320	1270	1185	1151	322	243	244	53	76	98	90	48	67	140	4	2	67	142	40	18	67	111	3	1	89	67	26	1151	322	241	244	51	76	98	90	48	62	141	4	2	62	143	35	13	62	111	3	1	89	62	26	1151	322	457	322	241	249	241	248	241	274	51	82	98	90	48	58	137	4	2	58	142	31	9	58	127	3	1	89	58	26	1151	1324	1404	1155	1154	1324	1270	1188	1151	1324	1404	1155	1153	1324	1270	1188	1151	1323	1397	1155	1153	1323	1270	1187	1151	1321	1397	1155	1153	1321	1270	1186	1151	457	327	326
54	437	327	323	379	460	479	322	54	139	4	2	54	198	27	5	54	111	3	1	89	54	26	1151	322	74	141	4	2	74	142	47	25	74	118	3	1	89	74	26	1151	1326	1397	1155	1153	1326	1271	1190	1151	322	0	244	224	243	310	295	53	76	99	90	48	64	138	4	2	64	142	37	15	64	111	3	1	89	64	26	1151	1151	1151	1105	922	1047	989	817	872	757	665	1106	754	710	663	661	921	664	322	242	52	76	98	90	48	56	119	3	1	89	56	26	1151	1328	1403	1155	1154	1328	1271	1192	1151	322	67	1105	322	322	322	460	479	327	326
55	420	327	323	372	1151	322	0	244	229	240	307	295	0	244	224	240	314	295	50	76	101	90	48	67	140	4	2	67	154	40	18	67	111	3	1	89	67	26	1151	1330	1397	1155	1153	1330	1273	1194	1151	322	0	244	224	240	307	302	50	76	98	95	48	66	141	4	2	66	142	39	17	66	111	3	1	89	66	26	1151	322	242	52	76	98	90	48	55	111	3	1	89	55	26	1151	322	241	51	76	98	90	48	63	111	3	1	89	63	26	1151	322	243	259	0	244	224	240	307	300	50	76	98	93	48	62	111	3	1	89	62	26	1151	322	0	244	224	240	307	300	50	76	98	93	48	69	111	3	1	89	69	26	1151	1332	1410	1155	1154	1332	1273	1196	1151	1331	1405	1155	1154	1331	1273	1195	1151	1329	1397	1155	1153	1329	1273	1193	1151	322	68	124	3	1	89	68	26	1151	322	243	53	76	98	90	48	67	111	3	1	89	67	26	1151	322	72	125	3	1	89	72	26	1151	457	327	326
56	460	479	322	1151	322	72	111	3	1	89	72	26	1151	322	54	111	3	1	89	54	26	1151	322	74	111	3	1	89	74	26	1151	322	73	111	3	1	89	73	26	1151	322	57	111	3	1	89	57	26	1151	322	67	111	3	1	89	67	26	1151	1336	322	73	140	4	2	73	154	46	24	73	322	54	141	4	2	54	203	27	5	54	322	67	139	4	2	67	165	40	18	67	322	57	138	4	2	57	143	30	8	57	322	74	139	4	2	74	143	47	25	74	1151	1336	1397	1155	1153	1336	1275	1200	1151	1334	1398	1155	1154	1334	1275	1198	1151	1333	1397	1155	1153	1333	1275	1197	1151	1350	1411	1155	1154	1350	1275	1214	1151	322	241	251	241	250	51	79	98	90	48	68	0	322	0	264	224	242	317	298	52	81	104	92	48	55	52	81	104	92	48	55	264	224	242	317	298	322	460	479	1105	457	460	479	1151	1105	322	243	1105	1151	457	460	479	322	1105	922	1047	989	817	872	757	665	1106	754	710	663	661	921	664	322	1151	642	599	627	567	555	506	655	632	536	519	484	483	585	494	1151	460	479	327	326
57	418	327	323	347	417	327	323	347	460	479	417	327	323	347	460	479	322	242	277	52	83	98	90	48	70	124	3	1	89	70	26	1151	52	83	98	90	48	70	137	4	2	70	142	43	21	70	138	4	2	70	143	43	21	70	52	83	98	90	48	73	111	3	1	89	73	26	1151	1376	1397	1155	1153	1376	1279	1240	1151	1368	1404	1155	1153	1368	1279	1232	1151	1360	1408	1155	1154	1360	1279	1224	1151	1105	946	1076	1018	838	907	775	688	1137	755	740	663	662	921	664	460	479	1105	322	0	260	227	240	309	299	460	479	327	326
58	443	327	323	380	1151	322	54	111	3	1	89	54	26	1151	322	68	111	3	1	89	68	26	1151	322	73	111	3	1	89	73	26	1151	1381	1397	1155	1153	1381	1286	1245	1151	1384	1397	1155	1154	1384	1286	1248	1151	322	1151	1151	322	240	244	50	76	98	90	48	72	111	3	1	89	72	26	1151	1385	1397	1155	1153	1385	1286	1249	1151	457	327	326	443	327	323	380	1151	642	642	609	613	557	554	507	657	635	537	522	484	483	592	501	1151	322	240	270	0	244	237	240	307	295	0	244	224	240	317	295	0	244	224	240	307	304	457	327	326
59	430	327	323	387	1151	1105	642	603	618	572	556	517	648	636	537	524	484	483	593	502	1151	322	241	261	241	262	241	248	51	78	98	90	48	62	139	4	2	62	154	35	13	62	111	3	1	89	62	26	1151	1151	1387	1397	1155	1153	1387	1287	1251	1151	1386	1397	1155	1153	1386	1287	1250	1151	322	240	244	50	76	98	90	48	75	127	3	1	89	75	26	1151	1388	1404	1155	1154	1388	1287	1252	1151	1388	1404	1155	1152	1388	1287	1252	1151	322	55	138	4	2	55	142	28	6	55	111	3	1	89	55	26	1151	322	243	244	53	76	98	90	48	74	111	3	1	89	74	26	1151	322	241	244	51	76	98	90	48	72	111	3	1	89	72	26	1151	457	327	326
60	457
61	404	327	323	346	460	479	322	0	244	224	240	307	306	50	76	98	97	48	71	111	3	1	89	71	26	1151	1390	1397	1155	1153	1390	1288	1254	1151	1151	322	241	244	51	76	98	90	48	57	241	244	51	76	98	90	48	58	241	244	322	1105	460	479	1105	943	1062	1004	854	908	779	686	1135	756	715	663	662	921	664	944	1062	1004	854	908	779	686	1135	756	715	663	662	921	664	322	242	52	76	98	90	48	54	121	3	1	89	54	26	1151	460	479	327	326	322
62	407	327	323	335	460	479	1151	322	54	111	3	1	89	54	26	1151	1151	322	67	111	3	1	89	67	26	1151	322	73	111	3	1	89	73	26	1151	457	327	326
63	399	327	323	339	1151	322	74	139	4	2	74	154	47	25	74	322	321	320	72	111	3	1	89	72	26	1151	322	1151	322	241	51	76	98	90	48	59	111	3	1	89	59	26	1151	1391	1397	1155	1153	1391	1289	1255	1151	457	327	326
64	407	327	323	353	407	327	323	352	1151	322	242	52	76	98	90	48	73	127	3	1	89	73	26	1151	322	240	283	50	85	98	90	48	75	111	3	1	89	75	26	1151	322	241	51	76	98	90	48	65	141	4	2	65	142	38	16	65	111	3	1	89	65	26	1151	322	0	282	224	240	313	306	1151	1292	1399	1155	1154	1292	1256	1158	1151	1291	1396	1155	1153	1291	1256	1157	1151	1105	460	479	460	479	322	460	479	1105	1105	460	479	1105	950	1066	1008	826	879	777	704	1138	754	710	663	662	921	664	922	1047	989	826	879	777	704	1138	754	710	663	662	921	664	457	327	326
65	391	327	323	388	1151	322	0	244	224	240	312	295	50	76	100	90	48	67	139	4	2	67	144	40	18	67	111	3	1	89	67	26	1151	322	57	140	4	2	57	154	30	8	57	111	3	1	89	57	26	1151	322	74	138	4	2	74	165	47	25	74	111	3	1	89	74	26	1151	322	241	51	76	98	90	48	58	139	4	2	58	143	31	9	58	111	3	1	89	58	26	1151	1151	1294	1397	1155	1153	1294	1257	1160	1151	1297	1402	1155	1154	1297	1257	1163	1151	1293	1402	1155	1154	1293	1257	1159	1151	1295	1411	1155	1154	1295	1257	1161	1151	322	54	139	4	2	54	213	27	5	54	111	3	1	89	54	26	1151	322	243	53	76	98	90	48	64	141	4	2	64	143	37	15	64	117	3	1	89	64	26	1151	1105	457	1105	1151	642	594	628	565	547	503	651	633	537	519	484	483	576	485	595	628	565	547	503	651	633	537	533	484	483	576	485	1151	1298	1406	1155	1154	1298	1257	1164	1151	1298	1406	1155	1152	1298	1257	1164	1151	1296	1409	1155	1154	1296	1257	1162	1151	457	327	326
66	403	327	323	331	1151	322	241	51	76	98	90	48	63	138	4	2	63	165	36	14	63	322	54	141	4	2	54	223	27	5	54	322	55	141	4	2	55	143	28	6	55	1151	1299	1398	1155	1154	1299	1258	1165	1151	1299	1398	1155	1153	1299	1258	1165	1151	322	240	264	240	254	50	80	98	90	48	54	240	252	0	253	224	241	307	295	0	244	228	240	307	295	0	244	225	240	307	295	0	244	230	240	307	295	1105	457	1105	460	479	1105	1151	642	596	615	569	541	509	658	632	537	530	484	483	577	486	1151	457	327	326				
67	400	327	323	340	1151	322	68	137	4	2	68	213	41	19	68	322	73	141	4	2	73	203	46	24	73	322	55	137	4	2	55	154	28	6	55	322	57	111	3	1	89	57	26	1151	322	1105	1151	1300	1397	1155	1153	1300	1259	1166	1151	460	479	457	457	322	1151	1151	322	240	274	322	0	244	231	240	307	295	1105	457	327	326
68	415	327	323	373	1151	1105	322	457	1151	322	241	51	76	98	90	48	63	141	4	2	63	176	36	14	63	111	3	1	89	63	26	1151	322	241	51	76	98	90	48	57	141	4	2	57	187	30	8	57	111	3	1	89	57	26	1151	322	242	52	76	98	90	48	55	141	4	2	55	176	28	6	55	111	3	1	89	55	26	1151	322	240	264	50	81	98	90	48	55	140	4	2	55	187	28	6	55	111	3	1	89	55	26	1151	322	0	293	224	240	312	303	240	286	50	88	98	90	48	70	141	4	2	70	154	43	21	70	111	3	1	89	70	26	1151	50	88	98	90	48	71	141	4	2	71	142	44	22	71	111	3	1	89	71	26	1151	1105	457	1151	642	600	625	571	552	514	659	632	538	520	484	483	578	487	1151	1301	1397	1155	1153	1301	1260	1167	1151	457	327	326
69	446	327	323	351	1151	322	242	244	52	76	98	90	48	56	52	76	98	90	48	54	111	3	1	89	54	26	1151	52	76	98	90	48	55	111	3	1	89	55	26	1151	322	242	244	52	76	98	90	48	56	111	3	1	89	56	26	1151	1151	1302	1397	1155	1153	1302	1261	1168	1151	460	479	1105	322	241	248	51	78	98	90	48	61	124	3	1	89	61	26	1151	322	68	137	4	2	68	223	41	19	68	322	240	282	457	327	326
70	428	327	323	361	1151	322	68	141	4	2	68	144	41	19	68	322	54	138	4	2	54	145	27	5	54	322	57	137	4	2	57	198	30	8	57	322	321	64	140	4	2	64	154	37	15	64	111	3	1	89	64	26	1151	322	74	111	3	1	89	74	26	1151	1151	1304	1397	1155	1153	1304	1262	1170	1151	1303	1404	1155	1154	1303	1262	1169	1151	322	241	51	76	98	90	48	65	127	3	1	89	65	26	1151	1306	1408	1155	1154	1306	1262	1172	1151	1305	1397	1155	1153	1305	1262	1171	1151	322	242	244	242	279	243	279	243	244	241	274	241	249	241	244	1105	460	479	457	1151	642	602	619	570	551	512	649	632	537	523	484	483	579	488	1151	322	55	137	4	2	55	198	28	6	55	111	3	1	89	55	26	1151	457	327	326
71	426	327	323	360	460	479	322	241	249	241	248	241	276	241	282	51	84	98	90	48	69	111	3	1	89	69	26	1151	242	286	52	88	98	90	48	70	111	3	1	89	70	26	1151	1308	1397	1155	1153	1308	1263	1173	1151	1397	1155	1154	1308	1263	1173	1151	460	479	327	326
72	423	327	323	356	1151	322	1105	460	479	457	1151	322	242	52	76	98	90	48	70	137	4	2	70	165	43	21	70	322	243	53	76	98	90	48	74	137	4	2	74	187	47	25	74	53	76	98	90	48	64	141	4	2	64	165	37	15	64	111	3	1	89	64	26	1151	322	241	51	76	98	90	48	63	137	4	2	63	187	36	14	63	137	4	2	63	198	36	14	63	137	4	2	63	203	36	14	63	137	4	2	63	213	36	14	63	137	4	2	63	223	36	14	63	322	0	244	224	241	318	295	244	224	241	315	295	51	76	102	90	48	59	137	4	2	59	142	32	10	59	322	1151	1309	1413	1155	1154	1309	1264	1174	1151	1309	1413	1155	1153	1309	1264	1174	1151	322	241	51	76	98	90	48	57	51	76	98	90	48	68	137	4	2	68	145	41	19	68	137	4	2	68	146	41	19	68	137	4	2	68	147	41	19	68	137	4	2	68	148	41	19	68	137	4	2	68	149	41	19	68	137	4	2	68	150	41	19	68	137	4	2	68	151	41	19	68	137	4	2	68	152	41	19	68	137	4	2	68	153	41	19	68	137	4	2	68	155	41	19	68	137	4	2	68	156     41	19	68	137	4	2	68	157	41	19	68	137	4	2	68	158	41	19	68	137	4	2	68	159	41	19	68	137	4	2	68	160	41	19	68	137	4	2	68	161	41	19	68	137	4	2	68	162	41	19	68	137	4	2	68	163	41	19	68	137	4	2	68	164	41	19	68	137	4	2	68	166	41	19	68	137	4	2	68	167	41	19	68	137	4	2	68	168	41	19	68	137	4	2	68	169	41	19	68	137	4	2	68	170	41	19	68	137	4	2	68	171	41	19	68	137	4	2	68	172	41	19	68	137	4	2	68	173	41	19	68	137	4	2	68	174	41	19	68	137	4	2	68	175	41	19	68	137	4	2	68	177	41	19	68	137	4	2	68	178	41	19	68	322	240	248	50	78	98	90	48	57	111	3	1	89	57	26	1151	322	241	241	51	76	98	90	48	71	111	3	1	89	71	26	1151	460	479	327	326
73	416	327	323	378	1151	322	243	244	53	76	98	90	48	67	141	4	2	67	150	40	18	67	121	3	1	89	67	26	1151	1310	1397	1155	1153	1310	1265	1175	1151	1311	1404	1155	1154	1311	1265	1176	1151	1311	1410	1155	1154	1311	1265	1176	1151	322	0	244	224	240	310	295	50	76	99	90	48	68	140	4	2	68	179	41	19	68	111	3	1	89	68	26	1151	322	0	244	224	240	319	295	0	248	224	240	307	295	50	78	98	90	48	67	111	3	1	89	67	26	1151	322	0	244	224	240	316	295	50	76	103	90	48	68	111	3	1	89	68	26	1151	1311	1408	1155	1154	1311	1265	1176	1151	1312	1397	1155	1152	1312	1265	1177	1151	322	240	267	240	285	50	87	98	90	48	57	111	3	1	89	57	26	1151	322	243	244	53	76	98	90	48	64	111	3	1	89	64	26	1151	1151	1313	1397	1155	1153	1313	1265	1178	1151	1314	1397	1155	1153	1314	1265	1179	1151	457	327	326
74	411	327	323	371	1151	1315	1397	1155	1154	1315	1266	1180	1151	322	0	256	224	240	307	295	0	249	224	241	307	295	0	244	224	241	311	295	241	244	0	244	224	240	314	297	50	76	101	91	48	68	139	4	2	68	180	41	19	68	111	3	1	89	68	26	1151	1316	1397	1155	1152	1316	1266	1181	1151	1315	1397	1155	1153	1315	1266	1180	1151	1105	922	1047	989	817	872	757	665	1106	754	710	663	661	921	664	322	457	1151	642	598	631	573	550	515	647	641	538	534	484	483	580	489	1151	457	327	326	322
75	424	327	323	357	1151	322	55	139	4	2	55	203	28	6	55	111	3	1	89	55	26	1151	1151	1317	1397	1155	1153	1317	1267	1182	1151	322	240	249	0	257	239	240	307	295	1105	460	479	460	479	1105	322	322	1105	953	1081	1024	832	891	782	705	1130	755	710	663	662	921	664	322	460	479	457	327	326
76	322	457	322	1105	937	1051	993	853	912	766	665	1106	754	710	663	662	921	664	322	457	460	395	327	323	479	341	1151	1151	322	240	280	240	281	0								
77	322	1105	961	1079	1022	862	916	804	673	1133	756	720	663	662	921	664	322	242	244	52	76	98	90	48	70	466	480	461	456	459	458	449	455	422	327	323	480	365	461	456	459	458	449	455	422	327	323	480	364	1105	962	1079	1022	862	916	789	680	1145	754	710	663	662	921	664	322	243	244	53	76	98	90	48	67	468	480	461	456	459	458	449	454	422	327	323	480	365	53	76	98	90	48	67	141	4	2	67	151	40	18	67	123	3	1	89	67	26	1151	1325	1407	1155	1152	1325	1272	1189	1151	322	54	140	4	2	54	146	27	5	54	132	3	1	89	54	26	1151	322	74	141	4	2	74	198	47	25	74	111	3	1	89	74	26	1151	322	242	244	52	76	98	90	48	73	139	4	2	73	144	46	24	73	111	3	1	89	73	26	1151	322	241	244	51	76	98	90	48	60	141	4	2	60	142	33	11	60	140	4	2	60	143	33	11	60	141	4	2	60	154	33	11	60	141	4	2	60	165	33	11	60	1105	922	1047	989	817	872	757	665	1106	754	710	663	661	921	664	322
78	322	1105	951	1050	992	856	901	765	665	1106	755	726	663	662	921	664	322	1151	460	481	460	394	327	323	481	354	1151	1151	1151	642	322	0	244	236	240	307	295	240	249	241	249	0	244	232	240	307	295	322	242	52	76	98	90	48	55	111	3	1	89	55	26	1151	457	460	327	326	479
79	322	1105	945	1053	995	827	882	772	666	1127	754	710	663	662	921	664	322	1105	322	243	244	322	67	474	480	322
80	322	322
81	322	243	1105	967	1063	1005	868	914	794	707	1117	756	751	663	662	921	664	322	1105	927	1098	1041	829	881	780	701	1109	756	750	663	662	921	664	322	927	1047	989	829	881	780	701	1109	756	750	663	662	921	664	322	322	457	460	444	327	323	479	355	1151	322	241	51	76	98	90	48	63	111	3	1	89	63	26	1151	322	72	111	3	1	89	72	26	1151	322	243	53	76	98	90	48	64	136	3	1	89	64	26	1151	322	242	52	76	98	90	48	73	110	3	1	89	73	26	1151	322	241	51	76	98	90	48	62	139	4	2	62	165	35	13	62	137	4	2	62	176	35	13	62	140	4	2	62	187	35	13	62	141	4	2	62	198	35	13	62	322	243	53	76	98	90	48	64	140	4	2	64	176	37	15	64	108	3	1	89	64	26	1151	322	0	249	224	242	312	295	240	274	0	274	224	240	308	295	0	322	1105	322	1151	642	610	617	564	545	518	644	632	538	535	484	483	583	492	1151	457	460	327	326	479
82	322	68	475	480	1105	928	1056	998	828	886	773	706	1139	755	749	663	662	921	664	322	68	475	480	469	434	327	323	480	332	68	111	3	1	89	68	26	1151	322
83	322	241	258	241	51	76	98	90	48	58	462	480	1105	979	1083	1026	845	883	806	665	1106	755	743	663	662	921	664	322	242	52	76	98	90	48	54	465	480
84	322	1105	985	1101	1044	848	898	771	670	1128	755	737	663	662	921	664	322	457	460	447	327	323	479	386	1151	1105	457	1151	1151	457	460	327	326	479	460	447	327	323	479	386	1151	1151	1151	642	612	622	560	542	505	650	632	537	528	484	483	584	493	1151	457	460	327	326	479	1105	322	241	241	268	51	76	98	90	48	58	462	480	461	456	459	458	449	450	447	327	323	480	386	51	76	98	90	48	58	111	3	1	89	58	26	1151	137	4	2	58	157	31	9	58	139	4	2	58	158	31	9	58	51	76	98	90	48	60	138	4	2	60	176	33	11	60	457	460	327	326	479	460	447	327	323	479	386	1151	1327	1397	1155	1153	1327	1274	1191	1151	642	612	622	560	542	505	650	632	538	528	484	483	584	493	1151	1105	957	1102	1044	859	910	786	665	1106	755	730	663	662	921	664	957	1101	1044	859	910	786	665	1106	755	730	663	662	921	664	322	457	460	327	326	479	457	322
85	322	55	471	480	1105	988	1052	994	871	909	816	699	1106	754	710	663	662	921	664	322	243	53	76	98	90	48	66	467	480	461	456	459	458	449	453	396	327	323	480	389	53	76	98	90	48	66	467	480
86	322	1105	972	1096	1039	843	880	799	692	1148	754	710	663	662	921	664	322	457	460	442	327	323	479	374	1151	1151	322	54	241	247	51	77	98	90	48	63	457	460	327	326	479
87	322	322
88	322	322	240	292	1105	973	1060	1002	869	913	807	696	1107	756	744	663	662	921	664	322	322	973	1060	1002	869	913	807	702	1107	756	744	663	662	921	664	974	1060	1002	869	913	807	702	1107	756	744	663	662	921	664	322	1151	460	481	460	401	327	323	481	375	1151	322	54	122	3	1	89	54	26	1151	322	67	128	3	1	89	67	26	1151	322	72	129	3	1	89	72	26	1151	322	55	136	3	1	89	55	26	1151	135	3	1	89	55	26	1151	74	130	3	1	89	74	26	1151	1151	322	242	277	52	83	98	90	48	73	126	3	1	89	73	26	1151	322	57	57	57	138	4	2	57	144	30	8	57	133	3	1	89	57	26	1151	322	322	322	457	460	327	326	479	460	401	327	323	479	376	1151	1151	322	72	140	4	2	72	143	45	23	72	1151	322	457	460	327	326	479	460	401	327	323	479	375	1151	322	457	460	327	326	479	322					
89	322	243	244	242	244	1105	975	1095	1038	819	896	800	665	1106	754	710	663	662	921	664	322	975	1095	1038	819	896	800	691	1124	755	753	663	662	921	664	932	1095	1038	819	896	800	691	1124	755	753	663	662	921	664	322	457	460	440	327	323	479	337	1151	1151	322	54	121	3	1	89	54	26	1151	72	121	3	1	89	72	26	1151	322	73
90	322	57	472	480	1105	954	1082	1025	817	872	757	665	1106	754	710	663	662	921	664	954	1082	1025	857	911	812	665	1106	754	710	663	662	921	664	322	57	472	480	469	425	327	323	480	358	57	321
91	322	241	51	76	98	90	48	59	463	480	1105	947	1069	1011	855	904	776	665	1106	755	736	663	662	921	664	322	241	51	76	98	90	48	59	463	480	461	456	459	458	449	451	410	327	323	480	348	51	76	98	90	48	59	111	3	1	89	59	26	1151	1151	1151	1151	322	243	322	242	52	76	98	90	48	73	111	3	1	89	73	26	1151	322	322	0	294	224	242	307	295	242	244	322
92	322	322	1105	984	1103	1045	837	899	813	665	1106	754	710	663	662	921	664	322	457	460	448	327	323	479	385	460	448	327	323	479	385	1105	984	1104	1045	837	899	813	665	1106	754	710	663	662	921	664	984	1104	1046	837	899	813	665	1106	754	710	663	662	921	664	983	1104	1046	837	899	813	665	1106	754	710	663	662	921	664	322	457	460	448	327	323	479	384	1151	322	243	53	76	98	90	48	64	53	76	98	90	48	66	53	76	98	90	48	74	53	76	98	90	48	67	1151
93	322	1105	923	1054	996	818	873	758	700	1150	756	752	663	662	921	664	322	1151	460	481	460	397	327	323	481	329	457	1105	1105	322	54	470	480
94	322	68	475	480	1105	980	1089	1032	844	884	803	665	1106	754	710	663	662	921	664	322	980	1089	1032	844	884	803	668	1131	755	735	663	662	921	664	457	460	432	327	323	479	381	1151	1151	322	68	141	4	2	68	204	41	19	68	141	4	2	68	205	41	19	68	141	4	2	68	206	41	19	68	141	4	2	68	207	41	19	68	141	4	2	68	208	41	19	68	141	4	2	68	209	41	19	68	141	4	2	68	210	41	19	68	141	4	2	68	211	41	19	68	141	4	2	68	212	41	19	68	141	4	2	68	214	41	19	68	111	3	1	89	68	26	1151	322	57	321	241
95	322	1105	933	1057	999	850	915	802	693	1111	755	722	663	662	921	664	322	68	475	480	469	398	327	323	480	338	68	111	3	1	89	68	26	1151	1335	1408	1155	1154	1335	1276	1199	1151	322	54	139	4	2	54	147	27	5	54	322	321	74	111	3	1	89	74	26	1151	1151	322	1151	457	460	327	326	479
96	322	1105	457	460	405	327	323	479	342	1105	938	1064	1006	852	902	795	665	1106	755	716	663	662	921	664	939	1064	1006	852	902	795	665	1106	755	716	663	662	921	664	940	1064	1006	852	902	795	665	1106	755	716	663	662	921	664	322	73	477	480	469	405	327	323	480	343	73	111	3	1	89	73	26	1151	1151	322	1151	322	241	244	51	76	98	90	48	69	51	76	98	90	48	65	141	4	2	65	143	38	16	65	141	4	2	65	154	38	16	65	322
97	322	457	460	441	327	323	479	334	1151	322	240	273	240	269	240	271	240	263	322	68	322	74	322	243	53	76	98	90	48	64	111	3	1	89	64	26	1151	322	241	51	76	98	90	48	61	111	3	1	89	61	26	1151	1338	1404	1155	1154	1338	1277	1202	1151	1151	1151	1151	1151	1151	1151	322	321
98	322	457	460	392	327	323	479	349	460	419	327	323	479	349	460	390	327	323	479	349	322	72	476	480	1105	948	1078	1021	825	879	778	669	1149	755	741	663	662	921	664	322	457	460	421	327	323	479	349	1151	322	72	111	3	1	89	72	26	1151	322	241	51	76	98	90	48	57	111	3	1	89	57	26	1151	322	73	141	4	2	73	201	46	24	73	322	243	53	76	98	90	48	64	141	4	2	64	187	37	15	64	322	54	138	4	2	54	148	27	5	54	322	68	137	4	2	68	215	41	19	68	1151	642	601	616	562	544	504	660	637	537	531	484	483	587	496	1151	1340	1411	1155	1154	1340	1278	1204	1151	1151	322	322
99	322	457	460	405	327	323	479	343	1151	322	74	137	4	2	74	203	47	25	74	322	242	272	242	277	52	83	98	90	48	70	138	4	2	70	176	43	21	70	322
100	322	241	322	0	1151	460	481	457	1105	955	1049	991	858	917	798	709	1113	755	721	663	662	921	664	322	457	460	393	327	323	479	359	1151	1151	322	68	111	3	1	89	68	26	1151	1151	322	110
101	322	1105	942	1068	1010	851	906	769	677	1119	755	723	663	662	921	664	322	241	51	76	98	90	48	63	464	480	461	456	459	458	449	452	409	327	323	480	345	51	76	98	90	48	63	111	3	1	89	63	26	1151	1151	322	241	51	76	98	90	48	57	111	3	1	89	57	26	1151	322	243	53	76	98	90	48	74	111	3	1	89	74	26	1151	1151	322	1105	1151	457	460	327	326	479
102	322	457	460	441	327	323	479	334	1151	322	67	141	4	2	67	152	40	18	67	322	243	243	265	243	275	0	287	224	240	307	295	240	290	240	289	322	321	64	111	3	1	89	64	26	1151	322	55	112	3	1	89	55	26	1151	1337	1397	1155	1153	1337	1277	1201	1151	1338	1404	1155	1153	1338	1277	1202	1151	1105	1151	642	608	626	563	549	512	654	632	537	532	484	483	586	495	1151	322	54	322	74	322	74	137	4	2	74	213	47	25	74	137	4	2	74	223	47	25	74	137	4	2	74	144	47	25	74	137	4	2	74	145	47	25	74	137	4	2	74	146	47	25	74
103	322	54	470	480	469	421	327	323	480	349	54	112	3	1	89	54	26	1151	1339	1397	1155	1153	1339	1278	1203	1151	1340	1396	1155	1154	1340	1278	1204	1151	322	68	105	3	1	89	68	26	121	3	1	89	68	26	1151	322	242	52	76	98	90	48	56	139	4	2	56	143	29	7	56	322	243	53	76	98	90	48	64	111	3	1	89	64	26	1151	1105	922	1047	989	817	872	757	665	1106	754	710	663	661	921	664	322	1151	1340	1396	1155	1153	1340	1278	1204	1151
104	322	457	1105	982	1099	1042	839	888	790	676	1129	755	732	663	662	921	664	322	457	460	445	327	323	479	383	1151	1151	1151	322	67	111	3	1	89	67	26	1151	1151	322	242	52	76	98	90	48	73	111	3	1	89	73	26	1151	642	611	621	566	548	511	652	632	537	527	484	482	588	497	1151	322
105	322	1105	960	1090	1033	861	907	774	683	1134	756	739	663	662	921	664	322	68	475	480	469	433	327	323	480	363	68	111	3	1	89	68	26	1151	137	4	2	68	216	41	19	68	73	124	3	1	89	73	26	1151	1151	1349	1408	1155	1153	1349	1281	1213	1151	1151	322	54	241	51	76	98	90	48	63	111	3	1	89	63	26	1151	642	604	629	574	543	513	653	632	538	529	484	482	589	498	1151	1151	1105	457	460	327	326	479
106	322	457	322	241	244	51	76	98	90	48	60	137	4	2	60	187	33	11	60	243	244	53	76	98	90	48	64	140	4	2	64	198	37	15	64
107	322	1105	933	1057	999	850	915	801	665	1106	754	710	663	662	921	664	934	1057	999	850	915	801	665	1106	754	710	663	662	921	664	322	54	470	480	469	398	327	323	480	338	54	111	3	1	89	54	26	1151	322	68	137	4	2	68	217	41	19	68	141	4	2	68	218	41	19	68	457	460	327	326	479	322
108	1105	922	1047	989	817	872	757	665	1106	754	710	663	661	921	664	322	457	460	421	327	323	479	349	1151	457	1151	1346	1398	1155	1153	1346	1278	1210	1151	1347	1404	1155	1153	1347	1278	1211	1151	1348	1397	1155	1153	1348	1278	1212	1151	322	68	111	3	1	89	68	26	1151	322	54	111	3	1	89	54	26	1151	322	243	53	76	98	90	48	74	141	4	2	74	149	47	25	74
109	322	457	460	409	327	323	479	345	1151	1343	1397	1155	1153	1343	1280	1207	1151	1342	1397	1155	1153	1342	1280	1206	1151	1341	1397	1155	1153	1341	1280	1205	1151	322	243	53	76	98	90	48	64	111	3	1	89	64	26	1151	322	243	53	76	98	90	48	66	141	4	2	66	143	39	17	66	137	4	2	66	154	39	17	66	138	4	2	66	165	39	17	66	322	67	137	4	2	67	156	40	18	67	1151	1351	1411	1155	1154	1351	1280	1215	1151	322	321	74
110	322	68	475	480	469	438	327	323	480	333	469	438	327	323	480	333	469	438	327	323	480	333	469	441	327	323	480	334	68	141	4	2	68	219	41	19	68	137	4	2	68	220	41	19	68	141	4	2	68	221	41	19	68	1151	1344	1397	1155	1153	1344	1277	1208	1151	1345	1398	1155	1153	1345	1277	1209	1151	322	67	111	3	1	89	67	26	1151	322	55	113	3	1	89	55	26	1151	1151	1105	322	54	141	4	2	54	149	27	5	54	114	3	1	89	54	26	1151	322	241	51	76	98	90	48	58	115	3	1	89	58	26	1151	642	608	626	563	549	512	654	632	537	532	484	482	586	495	1151	322	242	52	76	98	90	48	54	106	3	1	89	54	26	1151	322	54	109	3	1	89	54	26	1151	322	67	141	4	2	67	157	40	18	67	322	74	322	54	1151	1359	1395	1155	1153	1359	1277	1223	1151	1354	1397	1155	1153	1354	1277	1218	1151	1358	1394	1155	1153	1358	1277	1222	1151	1357	1401	1155	1153	1357	1277	1221	1151	1356	1400	1155	1153	1356	1277	1220	1151	1355	1399	1155	1153	1355	1277	1219	1151	322	1151	322	1105	457	1105	322	1151	322	67	137	4	2	67	158	40	18	67	137	4	2	67	159	40	18	67	137	4	2	67	160     40	18	67
111	322	74	478	480	1105	924	1092	1035	841	876	759	665	1106	754	710	663	662	921	664	322	67	474	480	469	436	327	323	480	330	67	137	4	2	67	161	40	18	67	137	4	2	67	162	40	18	67	137	4	2	67	163	40	18	67	137	4	2	67	164	40	18	67	137	4	2	67	166	40	18	67	137	4	2	67	167	40	18	67	137	4	2	67	168	40	18	67	137	4	2	67	169	40	18	67	137	4	2	67	170	40	18	67	137	4	2	67	171	40	18	67	137	4	2	67	172	40	18	67	137	4	2	67	173	40	18	67	137	4	2	67	174	40	18	67	137	4	2	67	175	40	18	67	137	4	2	67	177	40	18	67	137	4	2	67	178	40	18	67	137	4	2	67	179	40	18	67	137	4	2	67	180	40	18	67	137	4	2	67	181	40	18	67	137	4	2	67	182	40	18	67	137	4	2	67	183	40	18	67	322	1151	322	241	245	0	322	241	51	76	98	90	48	65	141	4	2	65	165	38	16	65	141	4	2	65	176	38	16	65	141	4	2	65	187	38	16	65	141	4	2	65	198	38	16	65	141	4	2	65	203	38	16	65	51	76	98  90	48	65	141	4	2	65	165	38	16	65	141	4	2	65	176	38	16	65	141	4	2	65	187	38	16	65	141	4	2	65	198	38	16	65	141	4	2	65	203	38	16	65	51	76	98	90	48	65	111	3	1	89	65	26	1151	1361	1397	1155	1152	1361	1282	1225	1151	322	73	111	3	1	89	73	26	1151	457
112	322	74	478	480	469	436	327	323	480	330	469	436	327	323	480	330	74	322	1151	1362	1397	1155	1153	1362	1282	1226	1151	642	322	1105	1151	642	605	624	558	539	503	643	639	536	519	484	483	590	499	1151	642	605	620	561	539	503	643	640	536	519	484	483	590	499	1151
113	322	1105	959	1085	1028	860	916	805	673	1132	756	717	663	662	921	664	322	457	460	427	327	323	479	362	1151	322	242	244	52	76	98	90	48	55	111	3	1	89	55	26	1151	1363	1408	1155	1154	1363	1283	1227	1151	322	241	51	76	98	90	48	68	140	4	2	68	222	41	19	68	111	3	1	89	68	26	1151	322	240	291	240	248	50	78	98	90	48	67	111	3	1	89	67	26	1151	322	68	111	3	1	89	68	26	1151	1364	1397	1155	1153	1364	1283	1228	1151	1151	457	460	327	326	479
114	460	408	327	323	479	368	460	408	327	323	479	369	1105	964	1067	1009	865	919	791	673	1133	755	711	663	662	921	664	322	457	460	408	327	323	479	369	1151	322	72	131	3	1	89	72	26	1151	322	54	111	3	1	89	54	26	1151	322	74	111	3	1	89	74	26	1151	322	240	285	50	87	98	90	48	57	111	3	1	89	57	26	1151	1367	1411	1155	1154	1367	1284	1231	1151	1365	1412	1155	1153	1365	1284	1229	1151	322	55	111	3	1	89	55	26	1151	1151	457	460	327	326	479
115	1105	963	1094	1037	864	916	784	673	1114	755	731	663	662	921	664	322	457	460	439	327	323	479	367	1151	322	243	53	76	98	90	48	67	111	3	1	89	67	26	1151	322	68	111	3	1	89	68	26	1151	322	72	111	3	1	89	72	26	1151	322	67	111	3	1	89	67	26	1151	322	72	111	3	1	89	72	26	1151	322	241	51	76	98	90	48	63	111	3	1	89	63	26	1151	1369	1397	1155	1153	1369	1285	1233	1151	1372	1398	1155	1154	1372	1285	1236	1151	322	0	286	224	240	307	295	50	88	98	90	48	73	111	3	1	89	73	26	1151	1151	1151	457	460	327	326	479
116	460	408	327	323	479	369	1151	322	243	53	76	98	90	48	67	111	3	1	89	67	26	1151	322	72	111	3	1	89	72	26	1151	322	74	111	3	1	89	74	26	1151	1374	1397	1155	1153	1374	1284	1238	1151	1375	1397	1155	1152	1375	1284	1239	1151	322	54	111	3	1	89	54	26	1151	322	242	52	76	98	90	48	70	140	4	2	70	187	43	21	70	111	3	1	89	70	26	1151	1366	1397	1155	1152	1366	1284	1230	1151	322	72	112	3	1	89	72	26	1151	457	460	327	326	479
117	460	439	327	323	479	367	1151	1371	1397	1155	1153	1371	1285	1235	1151	322	242	52	76	98	90	48	55	111	3	1	89	55	26	1151	322	67	141	4	2	67	184	40	18	67	134	3	1	89	67	26	1151	1377	1414	1155	1152	1377	1285	1241	1151	322	55	111	3	1	89	55	26	1151	1378	1397	1155	1154	1378	1285	1242	1151	1370	1397	1155	1153	1370	1285	1234	1151	1373	1397	1155	1153	1373	1285	1237	1151	322	243	53	76	98	90	48	67	111	3	1	89	67	26	1151	642	607	630	575	546	508	645	632	537	526	484	483	591	500	1151	322	240	288	240	288	240	278	240	284	50	86	98	90	48	57	111	3	1	89	57	26	1151	457	460	327	326	479
118	322	57	472	480	321	64	473	480	469	436	327	323	480	330	64	111	3	1	89	64	26	1151	642	1151	1105	322	1105	1105	1105	322	321	67	322	240	246	240	266	242	244	52	76	98	90	48	70	111	3	1	89	70	26	1151	322	243	457	460	327	326	479
119	322	54	107	3	1	89	54	26	1151	322	243	244	53	76	98	90	48	64	141	4	2	64	203	37	15	64	53	76	98	90	48	66	137	4	2	66	176	39	17	66	322	0	277	224	240	307	295	50	83	98	90	48	71
120	322	68	475	480	469	421	327	323	480	349	68	111	3	1	89	68	26	1151	1379	1397	1155	1153	1379	1278	1243	1151	1151	322	241	51	76	98	90	48	57	120	3	1	89	57	26	1151	1352	1397	1155	1153	1352	1278	1216	1151	1353	1396	1155	1154	1353	1278	1217	1151	322	73	116	3	1	89	73	26	1151	1353	1396	1155	1152	1353	1278	1217	1151	322	67	141	4	2	67	185	40	18	67
121	322	1151	460	481	460	405	327	323	481	343	1151	322	242	52	76	98	90	48	55	137	4	2	55	213	28	6	55	52	76	98	90	48	54	137	4	2	54	150	27	5	54
122	322	457	460	441	327	323	479	334	1151	322	0	244	234	240	307	295	0	244	235	240	307	295	0	244	233	240	307	295	0	244	224	240	307	296	0	244	224	240	307	301	50	76	98	94	48	69	141	4	2	69	142	42	20	69	121	3	1	89	69	26	1151	1380	1404	1155	1152	1380	1277	1244	1151	322	54	322	67	137	4	2	67	186	40	18	67	137	4	2	67	188	40	18	67	137	4	2	67	189	40	18	67	137	4	2	67	190	40	18	67	141	4	2	67	191	40	18	67	137	4	2	67	192	40	18	67	137	4	2	67	193	40	18	67	137	4	2	67	194	40	18	67	137	4	2	67	195	40	18	67	137	4	2	67	196	40	18	67	141	4	2	67	197	40	18	67	141	4	2	67	199	40	18	67	141	4	2	67	200	40	18	67	1151	322	241	242	243	53	76	98	90	48	67	53	76	98	90	48	64	111	3	1	89	64	26	1151	1380	1410	1155	1154	1380	1277	1244	1151	1382	1397	1155	1153	1382	1277	1246	1151	322	1105	322	1105	1151	457	322	1105	1151	642	608	626	563	549	512	654	638	537	532	484	483	586	495	1151	322	242	52	76	98	90	48	54	111	3	1	89	54	26      1151   322   1105   1151   457   1151   1105   322   1151   457   1151   1105   322   1105   322   1105   1105   322   322   322   322   0   322   241   322   243   1105   457   1151   457   460   327   326   479   460   441   327   323   479   334   1151   322   1105   1151   457   322   67   322   322   54   322   322   74   322   73   322   72   322   68   322   54   137   4   2   54   151   27   5   54   137   4   2   54   152   27   5   54   137   4   2   54   153   27   5   54   137   4   2   54   155   27   5   54   137   4   2   54   156   27   5   137   4   2   54   156   27   5   54   54   137   4   2   54   158   27   5   54   137   4   2   54   159   27   5   54   137   4   2   54   160   27   5   54   1151   1105   457   460   327   326   479
123	322
124	322	74	137	4	2	74	150	47	25	74	322	241	244	51	76	98	90	48	61	137	4	2	61	142	34	12	61	111	3	1	89	61	26	1151	1151
125	322	1105	941	1091	1034	822	878	762	665	1106	755	747	663	662	921	664	322	457	460	435	327	323	479	344	1151	322	73	140	4	2	73	202	46	24	73	111	3	1	89	73	26	1151	322	241	51	76	98	90	48	65	137	4	2	65	213	38	16	65	124	3	1	89	65	26	1151	1151	322	240	274	1151	322	457	460	327	326	479
