1	623	627	628	625	627	617	617	627	627	627	623	627	582	544	366	333	399	613	545	495	447	553	582	544	366	333	399	613	545	495	447	553	582	373	333	413	397	613	545	509	398	457	570	623	627	627	627	627	627	627	627	627	627	617	623	623	618	622	626	621	627	617	623	627	617	201	24	130	239	192	105	82	144	207	39	60	237	110	232	47	226	0	55	158	153	96	53	178	218																																																																																											
2	623	627	582	333	613	495	366	399	545	492	553	582	333	613	495	366	399	545	492	553	617	623	627	617	201	130	24	192	260	105	144	82	207	39	60	110	232	47	226	0	55	158	153	96	53	218	178	623	627	623	628	623																																																																																																																																
3	623	623	623	623	623	623	623	623	623	623	623	623	623	623	627	617	201	24	130	239	192	105	82	144	207	39	60	237	110	232	47	226	0	55	158	153	96	53	178	218	582	333	613	542	366	399	545	491	580	617	618	627	627	582	366	333	399	613	545	539	447	553	582	366	333	399	613	545	539	447	553	582	366	333	399	613	545	539	447	553	627	582	366	333	399	613	545	539	447	553	623	582	366	333	399	613	545	495	485	553	617	201	24	130	261	192	105	82	144	207	39	60	110	232	47	226	0	55	158	153	96	53	178	218	201	130	24	192	261	105	144	82	207	39	60	110	232	47	226	0	55	158	153	96	53	218	178	201	24	130	261	192	105	82	144	207	39	60	110	232	47	226	0	55	158	153	96	53	178	218	582	333	397	613	538	393	413	545	486	577
4	623	627	583	378	358	404	397	613	545	497	398	452	570																																																																																																																																																																							
5	583	358	397	613	497	378	404	545	398	452	570	623	583	378	358	404	397	613	545	497	398	452	570	583	378	358	404	397	613	545	497	398	452	570																																																																																																																																																		
6	623	627	610	342	397	614	516	379	423	545	398	472	566	552	618	617																																																																																																																																																																				
7	623	618	627	617	201	34	132	255	192	105	84	144	214	45	69	237	122	232	47	226	10	55	171	153	96	53	180	223	206	201	34	132	255	192	105	84	144	214	45	69	237	122	232	47	226	10	55	171	153	96	53	180	223																																																																																																																															
8	623	627	609	339	397	614	518	385	425	545	451	553	609	339	397	614	518	385	425	545	451	566	611	339	397	614	518	385	425	545	451	566	611	339	397	614	518	385	425	549	451	566																																																																																																																																										
9	623	627	582	366	333	399	613	545	495	447	553	598	544	370	356	433	397	613	545	524	398	475	570																																																																																																																																																													
10	623	627	582	366	333	399	613	545	495	489	553	582	333	613	541	366	413	545	398	489	574	582	333	613	541	395	413	545	398	489	574	582	392	333	413	397	613	545	536	488	575																																																																																																																																											
11	583	378	358	404	397	613	545	497	398	452	570																																																																																																																																																																									
12	623	627	598	544	370	355	433	397	613	545	524	398	475	570	618	617																																																																																																																																																																				
13	623	627	617	201	34	138	255	197	105	86	149	214	45	66	237	114	232	47	229	11	55	167	153	100	53	183	223	206																																																																																																																																																								
14	623	617	201	34	138	255	197	105	86	149	214	45	66	237	114	232	47	229	11	55	167	153	100	53	183	223	201	138	34	197	255	105	149	86	214	45	66	237	114	232	47	229	11	55	167	153	100	53	223	183	623	627	582	333	613	542	396	413	545	398	491	580	582	396	333	413	613	545	542	398	491	580	201	34	138	255	197	105	86	149	214	45	66	237	114	232	47	229	11	55	167	153	100	53	183	223	201	138	34	197	255	105	149	86	214	45	66	237	114	232	47	229	12	55	167	153	100	53	223	183																																																												
15	201	34	138	255	197	105	86	149	214	45	66	237	114	232	47	229	12	55	167	153	100	53	183	223	201	138	34	197	255	105	149	86	214	45	66	237	114	232	47	229	12	55	167	153	100	53	223	183	617	627																																																																																																																																		
16	623	627	623	628	582	333	397	615	520	366	429	545	398	470	557	622																																																																																																																																																																				
17	623	627	593	373	334	408	397	613	545	525	398	455	570	618	628	621	626	620	624	625	622																													
18	623	627	582	396	333	413	397	613	545	542	491	580	617	621	623	618																																		
19	623	627	610	379	341	423	397	614	545	516	398	472	566	552																																				
20	623	627	612	366	363	424	397	615	545	517	398	465	566																																					
21	201	26	130	259	192	105	82	144	211	39	79	237	127	232	47	226	1	55	169	153	96	53	178	218	628																									
22	623	627	617	201	136	36	192	246	105	144	87	214	39	70	237	112	232	47	226	15	55	172	153	96	53	223	184	618	611	338	397	614	518	384	425	545	398	451	566	628	626	621	622							
23	623	617	201	135	33	192	256	105	144	88	215	39	62	237	113	232	47	226	18	55	160	153	96	53	218	185	623	628	618																					
24	623	627	618	617	201	28	130	252	192	105	82	144	210	39	67	238	117	232	47	226	19	55	164	153	96	53	178	218																						
25	623	627	617	201	27	130	258	192	105	82	144	209	39	73	237	122	232	47	226	9	55	168	153	96	53	178	218																							
26	623	617	201	142	33	199	257	105	148	93	215	39	75	238	114	232	47	230	20	55	174	153	101	53	219	190	626	628	627	622	618																			
27	623	627	628	582	544	333	397	613	533	368	441	545	493	565	618	617																																		
28	201	131	24	192	250	105	144	89	213	39	78	238	126	232	47	226	13	55	177	153	96	53	222	187																										
29	623	617	205	140	33	196	244	108	146	90	215	44	76	238	123	233	51	230	5	58	175	154	99	53	224	188																								
30	623	617	201	143	25	192	239	105	144	94	213	40	72	238	120	232	47	226	7	55	161	153	96	53	222	186	201	143	25	192	247	105	144	94	213	40	72	238	120	232	47	226	7	55	161	153	96	53	222	186
31	623	617	618	201	141	31	195	248	105	151	92	216	39	71	237	119	232	47	231	6	55	162	153	103	53	225	191	627	621	628																				
32	623	617	203	139	33	196	253	107	146	91	215	44	74	238	124	236	51	230	22	56	173	157	99	53	224	189																								
33	623	618	617	204	137	30	198	251	109	152	95	212	42	80	237	121	235	49	228	14	57	170	155	104	54	221	181																									
34	623	617	203	140	29	200	240	107	150	90	215	41	65	238	115	236	48	230	4	56	166	157	102	53	224	188																										
35	623	626	617	627	595	343	397	614	506	378	410	545	463	570	628	621	622	618	624	201	130	33	192	243	105	144	82	215	39	63	238	118	232	47	226	17	55	165	153	96	53	218	178									
36	623	618	627	582	333	397	613	533	366	445	545	482	570	582	333	397	613	533	377	445	545	482	570	617																												
37	623	617	202	133	24	193	249	106	145	83	208	46	68	237	129	234	52	227	8	59	169	156	97	53	220	179																										
38	201	134	32	194	245	105	147	85	215	43	81	237	128	232	50	230	3	55	177	153	98	53	224	182																												
39	623	618	617	201	130	37	192	241	105	144	82	213	39	64	237	116	232	47	226	21	55	176	153	96	53	218	178	628	626	621	622	627	582	333	397	613	532	366	411	545	458	565	582	333	397	613	532	389	411	545	458	565
40	201	130	35	192	242	105	144	82	215	39	61	238	111	232	47	226	16	55	159	153	96	53	218	178																												
41	582	333	397	614	510	379	414	545	398	455	566																																									
42	623	627	623	585	366	357	439	397	615	545	530	398	477	572																																						
43	623	627	628	624	625	620	584	348	397	613	511	390	431	545	398	473	558																																			
44	623	627	594	345	397	613	528	378	438	545	398	474	570	626	628	618	617																																			
45	623	623	619	627	599	353	397	615	521	366	430	545	398	464	570																																					
46	623	629	629	617	629	628	625	618	619	626	621	624	620	627	629																																					
47	623	623	629	294	317	303	284	317	303	299	317	303	285	317	303	628	628	625	620	624	626	621	622	618																												
48	623	629	299	317	308	634	279	264	267	263	280	264	267	263																																						
49	619	629	617														
50	623	623	629	285	317	303											
51	623	628	626	618	619	629											
52	623	629	285	317	303												
53	623	629	618														
54	623	619	628	622	629												
55	623	629	298	317	303	621	626	628	628								
56	623	629	628	624	627	608	544	366	336	417	397	616	545	512	398	467	560
57	623	629															
58	623	628	629	629	617	619	618	618									
59	623	626	622	622	618	623	629	618									
60	623	629	628	618													
61	623	619	629														
62	623	629	623	618	629	617											
63	623	624	629	626	618	628	620	627									
64	623	629	286	330	309	637											
65	623	618	627	582	375	333	426	397	613	545	501	398	468	572	628	626	624	622	629																																																	
66	623	629	618																																																																	
67	623	628	620	625	624	618	622	623	629	618																																																										
68	623	629	618	627	628	626																																																														
69	623	628	628	626	620	622	621	629																																																												
70	628	628	628	628	628	628	628	626	628	625	624	620	618	623	619	628	621	622	627	617	629	628	628	628	628	628	628	628	628	628	628	628	628	628	628	628	628	628	628	628	628	628	628	628	625	618	617	618	629	623	628	625	619	625	619	620	628	624	625	620	623	628	624	625	628	626	618	619
71	625	627	629	619	626																																																															
72	623	629																																																																		
73	629																																																																			
74	623	618	623	629	623	618																																																														
75	623	628	625	629	629																																																															
76	623	627	629	628																																																																
77	623	619	629	626	628	620																																																														
78	623	629	628	626	621	622	618	624																																																												
79	623	629	628	625	626	623	628	625																																																												
80	623	628	620	627	624	621	604	366	346	444	397	613	545	513	398	481	562	604	369	346	444	397	613	545	513	398	481	562	618	619	626	622																																				
81	623	629	618	628	627	629	629	293	324	313	617	629	293	324	313	629	293	317	303	643	264	271	263
82	623	629	617																				
83	623	629	623	629	623	618																	
84	623	619	629	629	617	626	629	623	629	629													
85	623	628	626	629	627																		
86	623	629	629	618																			
87	623	629	281	322	303	281	322	303	634	280	264	267	263	272	629	281	317	303	634	280	264	267	263
88	623	629	292	320	310	631	264	265	263	626	628												
89	623	629	629	289	328	312	332	618	629	289	328	312	627	629									
90	623	629	619	629	282	318	304	636	629	629	617												
91	623	628	629																				
92	623	629	286	330	309	637	264	268	263														
93	629	287	323	307	630	645	629	287	323	307	630	645	273	264	263	272							
94	623	629	618	629	628	625																	
95	623	629	288	327	311	288	327	311	617	629	301	317	303	633	623	618	264	266	263				
96	623	629	302	331	316	635	274	264	263														
97	623	626	627	618	621	628	629	629	291	326	305	291	326	305	629	291	317	305	290	326	305	624	629	291	317	303	641	275	264	270	263	625																																											
98	629	300	325	315	638																																																																						
99	624	619	620	626	621	622	627	629	294	317	303	632	277	264	263	623	628																																																										
100	627	628	626	621	622	619	617	201	24	130	254	192	105	82	144	211	39	79	127	232	47	226	2	55	169	153	96	53	178	218	201	130	24	192	254	105	144	82	211	39	79	237	127	232	47	226	2	55	169	153	96	53	218	178	300	325	315	629	300	325	315	639	638	276	264	263	629	300	325	315	639	276	264	269	263
101	623	618	629	291	317	303	641	626	628	625	627	621	629	291	317	303	641	278	264	263																																																							
102	623	618	628	623	629	319	283	306	642	275	264	270	263	623	627																																																												
103	623	627	612	366	362	424	397	615	545	517	398	465	566																																																														
104	623	627	585	357	397	615	530	366	439	545	398	477	572																																																														
105	623	629	626	618	628	624																																																																					
106	623	629	618																																																																								
107	623	618	619	627	582	378	333	401	397	614	545	496	398	449	570	621																																																											
108	623	627	582	366	364	429	397	615	545	520	398	470	556																																																														
109	623	621	618	626	623	627	629																																																																				
110	621	621	621	622	629	627																																																																					
111	623	629	618	628	624	620	626	621	623	629	295	329	316	329	295	316	627	588	366	354	435	397	615	545	526	398	482	567																																															
112	623	629	624	618																																																																							
113	623	627	603	333	397	615	507	366	440	545	398	478	572																									
114	623	619	629	617																																		
115	629																																					
116	623	627	587	368	361	443	397	613	545	522	480	565	628																									
117	623	627	597	377	333	445	397	613	545	533	398	482	570	628																								
118	629	627																																				
119	629	619																																				
120	623	629	626	628																																		
121	627	628	582	333	397	614	502	376	402	545	398	453	568	623	627	582	333	397	614	508	376	412	545	398	459	568												
122	623	629																																				
123	623	629																																				
124	623	627	582	381	333	406	397	613	551	500	398	450	570																									
125	623	629	619	627	628	620	605	366	359	432	397	615	545	523	398	451	565																					
126	623	629	629	624	627	582	544	368	333	441	397	613	546	533	398	493	565	582	544	368	333	442	397	613	546	533	398	493	565	621	626	628						
127	623	623	627	627	582	366	333	405	397	613	545	498	398	448	570	582	333	397	613	534	380	446	545	398	461	570	628	582	380	333	405	397	613	545	498	398	448	570
128	623	627	596	340	397	616	513	366	418	545	494	555	623	628																								
129	623	627	591	388	335	427	397	614	545	519	398	479	581																																																																																																																									
130	623	627	606	337	397	613	499	368	428	545	398	469	565																																																																																																																									
131	623	629	628																																																																																																																																			
132	623	627	606	544	383	360	409	397	613	545	503	398	454	565																																																																																																																								
133	627	624	582	366	333	436	397	615	545	527	398	466	571																																																																																																																									
134	623	629																																																																																																																																				
135	623	627	601	544	366	365	403	397	615	545	537	398	487	579	600	544	366	365	422	397	615	550	514	398	456	579	600	544	366	365	416	397	614	550	505	398	460	579	600	544	394	365	416	397	614	550	505	398	460	579	621	622																																																																																		
136	623	627	628	625	582	366	333	421	397	615	545	514	398	456	561																																																																																																																							
137	623	627	602	347	397	614	505	371	415	545	398	460	561	619																																																																																																																								
138	629																																																																																																																																					
139	629	619	618																																																																																																																																			
140	623	629	624	618	628	627	621	622	619																																																																																																																													
141	623	627	582	366	333	420	397	613	545	515	398	462	554	582	374	333	420	397	613	545	515	398	462	554																																																																																																														
142	623	623	629	623	619	623																																																																																																																																
143	620	622	621	626	629	625	623																																																																																																																															
144	623	627	590	387	352	419	397	614	547	540	398	490	564	590	387	352	419	397	614	547	540	398	490	564	590	387	352	419	397	614	547	540	398	490	564	590	387	352	419	397	614	547	540	398	490	564	590	387	352	419	397	614	547	540	398	490	564	590	387	352	419	397	614	547	540	398	490	564	590	387	352	419	397	614	547	540	398	490	564	590	387	352	419	397	614	547	540	398	490	564	590	387	352	419	397	614	547	540	398	490	564	590	387	352	419	397	614	547	540	398	490	564	590	387	352	419	397	614	547	540	398	490	564	590	387	352	419	397	614	547	540	398	490	564
145	623	627	590	387	351	419	397	614	548	540	398	490	563																																											
146	623	627	590	386	350	419	397	614	548	540	398	490	564	628																																										
147	620	629	625																																																					
148	623	628	625	626	621	622	618	623	627	592	382	349	419	397	614	548	540	398	490	564																																				
149	629	624																																																						
150	623	618	628	629	629	302	331	316																																																
151	623	627	582	366	333	400	397	614	545	535	483	573	592	382	349	419	397	614	548	540	398	490	564	626																																
152	623	624	627	607	544	366	344	437	397	613	545	529	398	471	569	607	544	372	344	437	397	613	545	529	398	471	569	607	544	372	344	437	397	613	545	529	398	471	569	607	544	372	344	437	397	613	545	529	398	471	569	621	622	626	628	620
153	629																																																							
154	629																																																							
155	623	628	628	621	623	621	628	628	628	628	620	625	623	627	582	391	333	413	397	613	545	543	484	576	582	391	333	413	397	613	545	543	484	576																						
156	623	627	623	627	623	627	592	387	349	419	397	614	548	540	398	490	564	623	627	586	366	333	407	397	615	545	531	398	455	559																										
157	623	627	629	296	317	303	644																																																	
158	629	624																																																						
159	629																																																							
160	629																																																							
161	629																																				
162	629																																				
163	629																																				
164	629																																				
165	629																																				
166	623	627	589	544	366	333	434	614	545	504	398	476	578	589	544	367	333	434	614	545	504	398	476	578	628	626	621	622	618	619							
167	624	629	617	629	629	620	625																														
168	618	627	629	617	629																																
169	623	627	629	297	321	314	617	201	38	130	262	192	105	82	144	217	39	77	237	125	232	47	226	23	55	163	153	96	53	178	218	628	629	317	297	303	640
